name: 3D-ResNets
channels:
  - anaconda
  - soumith
  - conda-forge
  - defaults
dependencies:
  - blas=1.1=openblas
  - bzip2=1.0.6=h14c3975_1002
  - ca-certificates=2019.3.9=hecc5488_0
  - cairo=1.14.12=h80bd089_1005
  - certifi=2018.8.24=py35_1001
  - cffi=1.11.5=py35he75722e_1
  - cuda80=1.0=0
  - cudatoolkit=8.0=3
  - dbus=1.13.0=h4e0c4b3_1000
  - expat=2.2.5=hf484d3e_1002
  - ffmpeg=4.0.2=ha0c5888_2
  - fontconfig=2.13.1=he4413a7_1000
  - freetype=2.9.1=h8a8886c_1
  - gettext=0.19.8.1=hc5be6a0_1002
  - giflib=5.1.9=h516909a_0
  - glib=2.56.2=had28632_1001
  - gmp=6.1.2=hf484d3e_1000
  - gnutls=3.5.19=h2a4e5f8_1
  - graphite2=1.3.13=hf484d3e_1000
  - gst-plugins-base=1.12.5=h3865690_1000
  - gstreamer=1.12.5=h0cc0488_1000
  - harfbuzz=1.9.0=he243708_1001
  - hdf5=1.10.2=hc401514_3
  - icu=58.2=hf484d3e_1000
  - intel-openmp=2019.0=118
  - jasper=1.900.1=h07fcdf6_1006
  - jpeg=9c=h14c3975_1001
  - lame=3.100=h14c3975_1001
  - libedit=3.1.20170329=h6b74fdf_2
  - libffi=3.2.1=hd88cf55_4
  - libgcc-ng=8.2.0=hdf63c60_1
  - libgfortran=3.0.0=1
  - libgfortran-ng=7.3.0=hdf63c60_0
  - libiconv=1.15=h516909a_1005
  - libopenblas=0.2.20=h9ac9557_7
  - libpng=1.6.35=hbc83047_0
  - libstdcxx-ng=8.2.0=hdf63c60_1
  - libtiff=4.0.9=he85c1e1_2
  - libuuid=2.32.1=h14c3975_1000
  - libwebp=0.5.2=7
  - libxcb=1.13=h14c3975_1002
  - libxml2=2.9.9=h13577e0_0
  - mkl=2019.3=199
  - mkl_fft=1.0.9=py35_0
  - mkl_random=1.0.1=py35_0
  - ncurses=6.1=hf484d3e_0
  - nettle=3.3=0
  - ninja=1.8.2=py35h6bb024c_1
  - numpy=1.15.2=py35_blas_openblashd3ea46f_0
  - numpy-base=1.14.3=py35h2b20989_0
  - olefile=0.46=py35_0
  - openblas=0.2.20=8
  - opencv=3.4.3=py35_blas_openblash829a850_200
  - openh264=1.8.0=hdbcaa40_1000
  - openssl=1.0.2r=h14c3975_0
  - pandas=0.23.4=py35h04863e7_0
  - pcre=8.41=hf484d3e_1003
  - pillow=5.2.0=py35heded4f4_0
  - pip=10.0.1=py35_0
  - pixman=0.34.0=h14c3975_1003
  - pthread-stubs=0.4=h14c3975_1001
  - pycparser=2.19=py35_0
  - python=3.5.6=hc3d631a_0
  - python-dateutil=2.7.3=py35_0
  - pytorch=0.4.1=py35_cuda8.0.61_cudnn7.1.2_1
  - pytz=2018.5=py35_0
  - qt=5.6.2=hf70d934_9
  - readline=7.0=h7b6447c_5
  - setuptools=40.2.0=py35_0
  - six=1.11.0=py35_1
  - sqlite=3.25.2=h7b6447c_0
  - tk=8.6.8=hbc83047_0
  - torchvision=0.1.9=py35h72e4c6f_1
  - wheel=0.31.1=py35_0
  - x264=1!152.20180806=h14c3975_0
  - xorg-kbproto=1.0.7=h14c3975_1002
  - xorg-libice=1.0.9=h516909a_1004
  - xorg-libsm=1.2.3=h84519dc_1000
  - xorg-libx11=1.6.7=h14c3975_1000
  - xorg-libxau=1.0.9=h14c3975_0
  - xorg-libxdmcp=1.1.3=h516909a_0
  - xorg-libxext=1.3.4=h516909a_0
  - xorg-libxrender=0.9.10=h516909a_1002
  - xorg-renderproto=0.11.1=h14c3975_1002
  - xorg-xextproto=7.3.0=h14c3975_1002
  - xorg-xproto=7.0.31=h14c3975_1007
  - xz=5.2.4=h14c3975_4
  - zlib=1.2.11=ha838bed_2
prefix: /data/home/llong35/miniconda3/envs/3D-ResNets

